A=[10;20;12;30]
B=[2 4 9 3]
result1=5*A
result2=6*B
mult=A * B

X=magic(4)
X(2,:)=[10 20 30 40]
X(:,3)=0